frame,p1_tko,p3_tko,diff,win,p1_intensity,p3_intensity,frame_diff
881,5,7,2,1.0,137.16666666666666,132.75,
1691,4,7,3,1.0,147.0,132.5,810.0
2557,4,7,3,1.0,147.1,132.5,866.0
3336,4,7,3,1.0,147.0,132.5,779.0
4041,5,7,2,1.0,137.58333333333334,133.0,705.0
4858,6,7,1,1.0,140.27272727272728,132.5,817.0
5648,5,7,2,1.0,137.25,132.625,790.0
6416,5,7,2,1.0,136.83333333333334,132.625,768.0
6965,3,7,4,1.0,135.0,132.5,549.0
7864,6,7,1,1.0,140.36363636363637,132.5,899.0
8535,3,7,4,1.0,134.33333333333334,132.75,671.0
9177,3,7,4,1.0,135.11111111111111,132.375,642.0
10065,5,7,2,1.0,137.25,132.75,888.0
10756,5,7,2,1.0,137.16666666666666,133.0,691.0
11663,5,7,2,1.0,137.0,132.5,907.0
12381,4,7,3,1.0,147.3,132.75,718.0
13207,5,7,2,1.0,137.5,132.25,826.0
13982,5,7,2,1.0,137.0,132.875,775.0
14820,5,7,2,1.0,137.16666666666666,132.375,838.0
15494,5,7,2,1.0,137.25,132.75,674.0
16303,3,7,4,1.0,135.0,132.75,809.0
17074,4,7,3,1.0,147.1,132.375,771.0
17875,6,7,1,1.0,140.36363636363637,132.875,801.0
18455,5,7,2,1.0,136.75,133.0,580.0
19348,5,7,2,1.0,137.25,133.25,893.0
20016,4,7,3,1.0,147.2,133.125,668.0
20802,4,7,3,1.0,147.1,132.75,786.0
21577,6,7,1,1.0,139.9090909090909,132.75,775.0
22371,5,7,2,1.0,137.33333333333334,132.5,794.0
23063,4,7,3,1.0,147.1,133.0,692.0
23721,4,7,3,1.0,147.0,132.5,658.0
24589,4,7,3,1.0,147.3,132.625,868.0
25294,5,7,2,1.0,137.0,132.625,705.0
25883,3,7,4,1.0,135.22222222222223,132.5,589.0
26567,4,7,3,1.0,147.2,132.5,684.0
27126,3,7,4,1.0,134.88888888888889,132.625,559.0
27928,5,7,2,1.0,137.0,132.5,802.0
28642,4,7,3,1.0,146.7,133.0,714.0
29220,3,7,4,1.0,134.88888888888889,132.25,578.0
30115,6,7,1,1.0,139.8181818181818,132.5,895.0
30926,5,7,2,1.0,137.25,132.75,811.0
31620,3,7,4,1.0,134.66666666666666,132.875,694.0
32103,3,7,4,1.0,135.22222222222223,132.5,483.0
32887,6,7,1,1.0,140.0909090909091,132.75,784.0
33379,3,7,4,1.0,135.11111111111111,132.625,492.0
34206,3,7,4,1.0,135.22222222222223,132.75,827.0
34935,3,7,4,1.0,135.11111111111111,132.75,729.0
35572,4,7,3,1.0,147.1,132.375,637.0
36335,4,7,3,1.0,147.0,132.125,763.0
36924,4,7,3,1.0,147.0,132.75,589.0
37581,4,7,3,1.0,147.1,132.75,657.0
38042,3,7,4,1.0,134.88888888888889,132.25,461.0
38725,4,7,3,1.0,146.9,132.5,683.0
39488,6,7,1,1.0,140.63636363636363,132.5,763.0
40176,3,7,4,1.0,134.55555555555554,132.75,688.0
40816,3,7,4,1.0,134.44444444444446,132.75,640.0
41447,4,7,3,1.0,149.6,132.75,631.0
42031,3,7,4,1.0,135.0,132.5,584.0
42614,3,7,4,1.0,135.11111111111111,132.375,583.0
43231,3,7,4,1.0,135.22222222222223,132.75,617.0
43926,3,7,4,1.0,135.0,132.5,695.0
44665,4,7,3,1.0,147.1,132.5,739.0
45454,4,7,3,1.0,147.1,132.0,789.0
46283,4,7,3,1.0,146.8,132.5,829.0
46938,4,7,3,1.0,147.1,132.5,655.0
47567,4,7,3,1.0,146.8,132.75,629.0
48301,5,7,2,1.0,137.25,132.5,734.0
49291,5,6,1,1.0,136.91666666666666,127.45454545454545,990.0
49835,4,7,3,1.0,146.9,132.75,544.0
50550,3,7,4,1.0,135.11111111111111,132.75,715.0
51367,7,5,-2,0.0,126.25,126.66666666666667,817.0
52106,5,7,2,1.0,136.91666666666666,133.0,739.0
52766,4,7,3,1.0,147.4,132.75,660.0
53416,4,7,3,1.0,147.3,132.75,650.0
54159,7,6,-1,0.0,126.5,128.1818181818182,743.0
54863,4,7,3,1.0,147.1,132.5,704.0
55638,4,7,3,1.0,150.3,132.625,775.0
56431,4,7,3,1.0,147.2,132.75,793.0
57114,4,7,3,1.0,147.3,132.5,683.0
57883,5,7,2,1.0,136.83333333333334,132.5,769.0
58471,4,7,3,1.0,147.1,132.625,588.0
59241,5,7,2,1.0,137.25,132.5,770.0
60127,6,7,1,1.0,140.27272727272728,132.875,886.0
60862,4,7,3,1.0,147.2,132.75,735.0
61507,3,7,4,1.0,135.0,132.375,645.0
62321,5,7,2,1.0,137.16666666666666,132.75,814.0
63085,5,7,2,1.0,137.16666666666666,132.5,764.0
63941,4,7,3,1.0,147.3,132.875,856.0
64711,5,7,2,1.0,137.08333333333334,132.25,770.0
65550,5,7,2,1.0,137.58333333333334,132.75,839.0
66136,3,7,4,1.0,135.11111111111111,132.625,586.0
66941,5,7,2,1.0,137.25,132.5,805.0
67542,2,7,5,1.0,141.33333333333334,132.625,601.0
68271,3,7,4,1.0,135.22222222222223,132.75,729.0
69207,7,6,-1,0.0,126.25,126.54545454545455,936.0
69822,4,7,3,1.0,146.6,132.5,615.0
70624,4,7,3,1.0,147.0,132.375,802.0
71483,6,7,1,1.0,140.1818181818182,132.625,859.0
72157,3,7,4,1.0,134.88888888888889,132.75,674.0
73088,5,7,2,1.0,138.58333333333334,132.5,931.0
73881,4,7,3,1.0,147.0,132.625,793.0
74615,3,7,4,1.0,135.33333333333334,132.75,734.0
75340,3,7,4,1.0,135.22222222222223,132.875,725.0
75818,2,7,5,1.0,140.41666666666666,132.75,478.0
76482,4,7,3,1.0,146.9,132.75,664.0
77442,6,6,0,,140.27272727272728,127.54545454545455,960.0
78296,5,7,2,1.0,137.08333333333334,132.375,854.0
78969,2,7,5,1.0,141.66666666666666,132.5,673.0
79918,6,7,1,1.0,139.9090909090909,132.5,949.0
80637,4,7,3,1.0,147.0,132.75,719.0
81205,2,7,5,1.0,141.5,132.625,568.0
81809,3,7,4,1.0,134.88888888888889,132.5,604.0
82309,2,7,5,1.0,140.33333333333334,132.5,500.0
83005,4,7,3,1.0,147.1,132.5,696.0
83645,3,7,4,1.0,135.11111111111111,132.625,640.0
84441,3,7,4,1.0,135.11111111111111,132.625,796.0
85199,4,7,3,1.0,146.9,132.375,758.0
85884,3,7,4,1.0,134.77777777777777,132.5,685.0
