frame,p1_tko,p3_tko,diff,win,p1_intensity,p3_intensity,frame_diff
927,7,6,-1,0.0,125.875,127.9090909090909,
1731,7,5,-2,0.0,126.625,127.0,804.0
2610,7,6,-1,0.0,126.0,127.9090909090909,879.0
3429,7,5,-2,0.0,125.5,126.91666666666667,819.0
4233,7,5,-2,0.0,125.375,126.25,804.0
5113,6,7,1,1.0,139.9090909090909,132.875,880.0
5822,7,5,-2,0.0,125.75,126.75,709.0
6764,6,6,0,,140.0,127.27272727272727,942.0
7593,5,7,2,1.0,137.16666666666666,132.75,829.0
8112,7,3,-4,0.0,125.25,135.44444444444446,519.0
9033,7,5,-2,0.0,125.5,127.0,921.0
9992,5,6,1,1.0,136.83333333333334,127.45454545454545,959.0
10951,5,6,1,1.0,136.75,127.54545454545455,959.0
11708,7,5,-2,0.0,125.375,127.08333333333333,757.0
12592,7,5,-2,0.0,126.5,126.91666666666667,884.0
13534,7,6,-1,0.0,125.875,128.0909090909091,942.0
14330,7,5,-2,0.0,125.875,127.0,796.0
15210,7,6,-1,0.0,126.5,128.27272727272728,880.0
16086,6,7,1,1.0,139.54545454545453,132.75,876.0
17047,6,6,0,,140.1818181818182,127.45454545454545,961.0
17958,6,7,1,1.0,140.0909090909091,132.75,911.0
18532,7,4,-3,0.0,125.625,157.0,574.0
19465,7,6,-1,0.0,125.375,127.9090909090909,933.0
20230,7,5,-2,0.0,125.75,126.83333333333333,765.0
21110,7,6,-1,0.0,125.5,128.54545454545453,880.0
21820,7,6,-1,0.0,126.125,127.9090909090909,710.0
22658,5,7,2,1.0,136.83333333333334,132.5,838.0
23569,7,5,-2,0.0,125.5,126.41666666666667,911.0
24353,7,4,-3,0.0,126.125,156.8,784.0
25179,5,7,2,1.0,136.66666666666666,132.5,826.0
25966,6,7,1,1.0,140.0909090909091,132.5,787.0
26673,7,4,-3,0.0,126.5,157.5,707.0
27505,7,6,-1,0.0,126.375,127.9090909090909,832.0
28404,7,5,-2,0.0,126.125,126.91666666666667,899.0
29159,7,4,-3,0.0,125.375,157.1,755.0
30064,6,7,1,1.0,140.0,132.75,905.0
30821,7,5,-2,0.0,127.0,126.75,757.0
31629,5,7,2,1.0,136.83333333333334,132.75,808.0
32492,6,7,1,1.0,139.8181818181818,132.75,863.0
33189,7,5,-2,0.0,126.125,126.33333333333333,697.0
33984,4,7,3,1.0,146.7,132.75,795.0
34927,6,7,1,1.0,140.54545454545453,132.625,943.0
35741,7,6,-1,0.0,126.375,128.0909090909091,814.0
36603,7,5,-2,0.0,126.375,127.0,862.0
37417,7,5,-2,0.0,125.625,126.66666666666667,814.0
38392,5,6,1,1.0,136.91666666666666,127.63636363636364,975.0
39288,5,7,2,1.0,137.08333333333334,132.625,896.0
40255,6,7,1,1.0,140.1818181818182,132.75,967.0
41250,6,6,0,,140.27272727272728,127.45454545454545,995.0
42075,7,5,-2,0.0,125.375,127.16666666666667,825.0
42724,7,3,-4,0.0,125.875,135.11111111111111,649.0
43592,7,6,-1,0.0,125.75,128.0,868.0
44461,7,5,-2,0.0,126.25,127.08333333333333,869.0
45410,5,6,1,1.0,137.41666666666666,127.27272727272727,949.0
46402,6,6,0,,139.9090909090909,127.45454545454545,992.0
47393,5,7,2,1.0,137.0,132.5,991.0
48313,6,7,1,1.0,140.54545454545453,132.75,920.0
49189,7,6,-1,0.0,125.875,127.9090909090909,876.0
50101,7,5,-2,0.0,125.75,127.0,912.0
50995,6,7,1,1.0,140.1818181818182,132.75,894.0
51799,7,5,-2,0.0,125.75,126.91666666666667,804.0
52755,6,7,1,1.0,140.27272727272728,132.125,956.0
53534,7,5,-2,0.0,126.0,126.66666666666667,779.0
54317,7,4,-3,0.0,126.25,157.2,783.0
55188,5,7,2,1.0,136.75,132.75,871.0
55929,7,6,-1,0.0,125.5,127.9090909090909,741.0
56769,7,5,-2,0.0,125.875,126.83333333333333,840.0
57686,6,7,1,1.0,140.45454545454547,132.875,917.0
58563,6,7,1,1.0,140.0909090909091,132.625,877.0
59416,7,4,-3,0.0,127.5,157.6,853.0
60398,6,6,0,,140.0909090909091,127.45454545454545,982.0
61317,6,7,1,1.0,140.1818181818182,132.75,919.0
62243,7,6,-1,0.0,125.0,128.1818181818182,926.0
62935,7,5,-2,0.0,125.375,126.66666666666667,692.0
63735,5,7,2,1.0,137.0,132.5,800.0
64516,7,6,-1,0.0,125.5,127.9090909090909,781.0
65402,6,7,1,1.0,140.0,132.625,886.0
66239,7,5,-2,0.0,125.5,126.75,837.0
67235,6,5,-1,0.0,140.8181818181818,126.83333333333333,996.0
68010,7,5,-2,0.0,125.875,126.83333333333333,775.0
69011,6,5,-1,0.0,140.8181818181818,126.83333333333333,1001.0
69810,7,6,-1,0.0,125.875,127.9090909090909,799.0
70684,6,7,1,1.0,139.72727272727272,132.625,874.0
71411,7,6,-1,0.0,125.875,128.0909090909091,727.0
72393,6,6,0,,140.0,127.54545454545455,982.0
73352,6,6,0,,140.27272727272728,127.45454545454545,959.0
74103,6,7,1,1.0,140.36363636363637,132.75,751.0
74886,7,5,-2,0.0,125.625,127.0,783.0
75711,7,5,-2,0.0,126.5,126.83333333333333,825.0
76538,7,6,-1,0.0,125.875,127.9090909090909,827.0
77260,7,4,-3,0.0,125.625,157.2,722.0
78182,6,7,1,1.0,140.1818181818182,132.75,922.0
79020,5,7,2,1.0,137.0,132.625,838.0
79860,7,5,-2,0.0,126.125,126.83333333333333,840.0
80695,7,6,-1,0.0,126.5,128.0909090909091,835.0
81666,5,6,1,1.0,137.33333333333334,127.54545454545455,971.0
82351,7,4,-3,0.0,126.375,157.1,685.0
83104,7,4,-3,0.0,126.125,156.9,753.0
84064,6,6,0,,140.0,127.27272727272727,960.0
84991,6,7,1,1.0,140.36363636363637,133.0,927.0
85891,7,5,-2,0.0,125.375,127.0,900.0
